spawns:
  default:
    world: 7f85bf9e-47de-483f-a051-d9e7f5140419
    world-name: irisworld1
    x: -11.699999988079071
    y: 147.0
    z: -39.69999998807907
    yaw: -50.564208984375
    pitch: 18.300256729125977
